kappa = 1.000000e+00
A = 1.000000e+00
time_step = 10000
dt = 1.000000e+00
Nx = 512
Ny = 512
dx = 1.000000e+00
dy = 1.000000e+00
c_zero = 4.000000e-01
c_noise = 5.000000e-04
average_comp = 4.000003e-01
